#F diff_pat.dat
#S 1 diff_pat run
#C results of diff_pat run
#N 7
#L  Th-ThB{in} [microrad]  Th-ThB{out} [microrad]  phase_p[rad]  phase_s[rad]  Circ Polariz  p-polarized  s-polarized
 -100.00000      -100.00000       5.5222343       5.5222842     -0.19330135E-06  0.33965945E-02  0.44166746E-02
 -98.994975      -98.994975       5.5221937       5.5222444     -0.19903646E-06  0.34491806E-02  0.44851952E-02
 -97.989950      -97.989950       5.5221526       5.5222039     -0.20498597E-06  0.35030007E-02  0.45553284E-02
 -96.984925      -96.984925       5.5221108       5.5221629     -0.21115954E-06  0.35580939E-02  0.46271251E-02
 -95.979899      -95.979899       5.5220684       5.5221212     -0.21756740E-06  0.36145007E-02  0.47006388E-02
 -94.974874      -94.974874       5.5220253       5.5220789     -0.22422029E-06  0.36722633E-02  0.47759246E-02
 -93.969849      -93.969849       5.5219816       5.5220359     -0.23112955E-06  0.37314257E-02  0.48530402E-02
 -92.964824      -92.964824       5.5219371       5.5219922     -0.23830712E-06  0.37920335E-02  0.49320456E-02
 -91.959799      -91.959799       5.5218920       5.5219479     -0.24576561E-06  0.38541343E-02  0.50130033E-02
 -90.954774      -90.954774       5.5218461       5.5219029     -0.25351831E-06  0.39177778E-02  0.50959784E-02
 -89.949749      -89.949749       5.5217995       5.5218571     -0.26157927E-06  0.39830156E-02  0.51810386E-02
 -88.944724      -88.944724       5.5217521       5.5218106     -0.26996332E-06  0.40499015E-02  0.52682547E-02
 -87.939698      -87.939698       5.5217040       5.5217633     -0.27868611E-06  0.41184917E-02  0.53577005E-02
 -86.934673      -86.934673       5.5216550       5.5217153     -0.28776420E-06  0.41888448E-02  0.54494528E-02
 -85.929648      -85.929648       5.5216053       5.5216664     -0.29721512E-06  0.42610218E-02  0.55435921E-02
 -84.924623      -84.924623       5.5215547       5.5216168     -0.30705737E-06  0.43350866E-02  0.56402020E-02
 -83.919598      -83.919598       5.5215032       5.5215663     -0.31731057E-06  0.44111058E-02  0.57393702E-02
 -82.914573      -82.914573       5.5214509       5.5215149     -0.32799549E-06  0.44891489E-02  0.58411882E-02
 -81.909548      -81.909548       5.5213976       5.5214627     -0.33913412E-06  0.45692887E-02  0.59457517E-02
 -80.904523      -80.904523       5.5213434       5.5214095     -0.35074977E-06  0.46516011E-02  0.60531605E-02
 -79.899497      -79.899497       5.5212883       5.5213555     -0.36286716E-06  0.47361658E-02  0.61635194E-02
 -78.894472      -78.894472       5.5212322       5.5213004     -0.37551254E-06  0.48230659E-02  0.62769378E-02
 -77.889447      -77.889447       5.5211751       5.5212444     -0.38871374E-06  0.49123884E-02  0.63935305E-02
 -76.884422      -76.884422       5.5211169       5.5211874     -0.40250034E-06  0.50042247E-02  0.65134174E-02
 -75.879397      -75.879397       5.5210577       5.5211293     -0.41690375E-06  0.50986701E-02  0.66367245E-02
 -74.874372      -74.874372       5.5209974       5.5210702     -0.43195739E-06  0.51958250E-02  0.67635837E-02
 -73.869347      -73.869347       5.5209359       5.5210100     -0.44769678E-06  0.52957942E-02  0.68941333E-02
 -72.864322      -72.864322       5.5208733       5.5209487     -0.46415975E-06  0.53986880E-02  0.70285187E-02
 -71.859296      -71.859296       5.5208096       5.5208862     -0.48138657E-06  0.55046220E-02  0.71668924E-02
 -70.854271      -70.854271       5.5207446       5.5208225     -0.49942015E-06  0.56137175E-02  0.73094144E-02
 -69.849246      -69.849246       5.5206783       5.5207576     -0.51830623E-06  0.57261023E-02  0.74562532E-02
 -68.844221      -68.844221       5.5206107       5.5206915     -0.53809361E-06  0.58419103E-02  0.76075858E-02
 -67.839196      -67.839196       5.5205419       5.5206240     -0.55883438E-06  0.59612826E-02  0.77635985E-02
 -66.834171      -66.834171       5.5204716       5.5205552     -0.58058415E-06  0.60843676E-02  0.79244872E-02
 -65.829146      -65.829146       5.5203999       5.5204850     -0.60340238E-06  0.62113216E-02  0.80904584E-02
 -64.824121      -64.824121       5.5203268       5.5204134     -0.62735261E-06  0.63423091E-02  0.82617298E-02
 -63.819095      -63.819095       5.5202521       5.5203404     -0.65250287E-06  0.64775036E-02  0.84385306E-02
 -62.814070      -62.814070       5.5201759       5.5202658     -0.67892596E-06  0.66170879E-02  0.86211030E-02
 -61.809045      -61.809045       5.5200981       5.5201897     -0.70669991E-06  0.67612552E-02  0.88097025E-02
 -60.804020      -60.804020       5.5200186       5.5201119     -0.73590836E-06  0.69102092E-02  0.90045989E-02
 -59.798995      -59.798995       5.5199374       5.5200325     -0.76664103E-06  0.70641652E-02  0.92060774E-02
 -58.793970      -58.793970       5.5198545       5.5199514     -0.79899426E-06  0.72233509E-02  0.94144398E-02
 -57.788945      -57.788945       5.5197697       5.5198685     -0.83307156E-06  0.73880070E-02  0.96300054E-02
 -56.783920      -56.783920       5.5196831       5.5197838     -0.86898420E-06  0.75583884E-02  0.98531123E-02
 -55.778894      -55.778894       5.5195945       5.5196971     -0.90685189E-06  0.77347650E-02  0.10084119E-01
 -54.773869      -54.773869       5.5195038       5.5196085     -0.94680354E-06  0.79174230E-02  0.10323405E-01
 -53.768844      -53.768844       5.5194111       5.5195179     -0.98897805E-06  0.81066659E-02  0.10571374E-01
 -52.763819      -52.763819       5.5193162       5.5194252     -0.10335252E-05  0.83028159E-02  0.10828455E-01
 -51.758794      -51.758794       5.5192191       5.5193303     -0.10806067E-05  0.85062152E-02  0.11095103E-01
 -50.753769      -50.753769       5.5191196       5.5192332     -0.11303970E-05  0.87172277E-02  0.11371801E-01
 -49.748744      -49.748744       5.5190177       5.5191337     -0.11830850E-05  0.89362404E-02  0.11659067E-01
 -48.743719      -48.743719       5.5189134       5.5190317     -0.12388748E-05  0.91636654E-02  0.11957448E-01
 -47.738693      -47.738693       5.5188064       5.5189273     -0.12979875E-05  0.93999421E-02  0.12267532E-01
 -46.733668      -46.733668       5.5186967       5.5188202     -0.13606627E-05  0.96455388E-02  0.12589943E-01
 -45.728643      -45.728643       5.5185843       5.5187104     -0.14271604E-05  0.99009555E-02  0.12925350E-01
 -44.723618      -44.723618       5.5184689       5.5185978     -0.14977626E-05  0.10166727E-01  0.13274467E-01
 -43.718593      -43.718593       5.5183505       5.5184823     -0.15727760E-05  0.10443423E-01  0.13638058E-01
 -42.713568      -42.713568       5.5182289       5.5183637     -0.16525341E-05  0.10731658E-01  0.14016942E-01
 -41.708543      -41.708543       5.5181041       5.5182419     -0.17373999E-05  0.11032085E-01  0.14411998E-01
 -40.703518      -40.703518       5.5179758       5.5181167     -0.18277690E-05  0.11345407E-01  0.14824170E-01
 -39.698492      -39.698492       5.5178440       5.5179882     -0.19240729E-05  0.11672380E-01  0.15254469E-01
 -38.693467      -38.693467       5.5177084       5.5178560     -0.20267828E-05  0.12013814E-01  0.15703988E-01
 -37.688442      -37.688442       5.5175690       5.5177200     -0.21364134E-05  0.12370583E-01  0.16173901E-01
 -36.683417      -36.683417       5.5174255       5.5175801     -0.22535282E-05  0.12743626E-01  0.16665474E-01
 -35.678392      -35.678392       5.5172777       5.5174361     -0.23787439E-05  0.13133958E-01  0.17180075E-01
 -34.673367      -34.673367       5.5171256       5.5172878     -0.25127368E-05  0.13542674E-01  0.17719184E-01
 -33.668342      -33.668342       5.5169687       5.5171349     -0.26562488E-05  0.13970958E-01  0.18284401E-01
 -32.663317      -32.663317       5.5168070       5.5169773     -0.28100950E-05  0.14420092E-01  0.18877462E-01
 -31.658291      -31.658291       5.5166402       5.5168148     -0.29751716E-05  0.14891465E-01  0.19500252E-01
 -30.653266      -30.653266       5.5164680       5.5166471     -0.31524651E-05  0.15386587E-01  0.20154818E-01
 -29.648241      -29.648241       5.5162902       5.5164738     -0.33430624E-05  0.15907096E-01  0.20843391E-01
 -28.643216      -28.643216       5.5161065       5.5162949     -0.35481623E-05  0.16454779E-01  0.21568404E-01
 -27.638191      -27.638191       5.5159166       5.5161098     -0.37690880E-05  0.17031584E-01  0.22332515E-01
 -26.633166      -26.633166       5.5157201       5.5159184     -0.40073020E-05  0.17639638E-01  0.23138632E-01
 -25.628141      -25.628141       5.5155166       5.5157203     -0.42644215E-05  0.18281267E-01  0.23989942E-01
 -24.623116      -24.623116       5.5153059       5.5155150     -0.45422367E-05  0.18959024E-01  0.24889947E-01
 -23.618090      -23.618090       5.5150874       5.5153022     -0.48427306E-05  0.19675708E-01  0.25842501E-01
 -22.613065      -22.613065       5.5148607       5.5150814     -0.51681011E-05  0.20434404E-01  0.26851852E-01
 -21.608040      -21.608040       5.5146254       5.5148521     -0.55207855E-05  0.21238507E-01  0.27922697E-01
 -20.603015      -20.603015       5.5143809       5.5146139     -0.59034876E-05  0.22091771E-01  0.29060237E-01
 -19.597990      -19.597990       5.5141266       5.5143661     -0.63192072E-05  0.22998353E-01  0.30270245E-01
 -18.592965      -18.592965       5.5138619       5.5141082     -0.67712714E-05  0.23962862E-01  0.31559147E-01
 -17.587940      -17.587940       5.5135862       5.5138394     -0.72633686E-05  0.24990429E-01  0.32934116E-01
 -16.582915      -16.582915       5.5132986       5.5135590     -0.77995830E-05  0.26086773E-01  0.34403174E-01
 -15.577889      -15.577889       5.5129984       5.5132661     -0.83844296E-05  0.27258291E-01  0.35975326E-01
 -14.572864      -14.572864       5.5126846       5.5129600     -0.90228864E-05  0.28512154E-01  0.37660709E-01
 -13.567839      -13.567839       5.5123563       5.5126395     -0.97204206E-05  0.29856428E-01  0.39470770E-01
 -12.562814      -12.562814       5.5120124       5.5123035     -0.10483005E-04  0.31300212E-01  0.41418481E-01
 -11.557789      -11.557789       5.5116515       5.5119508     -0.11317111E-04  0.32853805E-01  0.43518597E-01
 -10.552764      -10.552764       5.5112725       5.5115801     -0.12229676E-04  0.34528907E-01  0.45787970E-01
 -9.5477387      -9.5477387       5.5108738       5.5111897     -0.13228007E-04  0.36338857E-01  0.48245921E-01
 -8.5427136      -8.5427136       5.5104536       5.5107778     -0.14319611E-04  0.38298924E-01  0.50914710E-01
 -7.5376884      -7.5376884       5.5100100       5.5103426     -0.15511887E-04  0.40426665E-01  0.53820103E-01
 -6.5326633      -6.5326633       5.5095409       5.5098815     -0.16811608E-04  0.42742352E-01  0.56992080E-01
 -5.5276382      -5.5276382       5.5090438       5.5093921     -0.18224091E-04  0.45269518E-01  0.60465729E-01
 -4.5226131      -4.5226131       5.5085158       5.5088713     -0.19751842E-04  0.48035618E-01  0.64282365E-01
 -3.5175879      -3.5175879       5.5079538       5.5083155     -0.21392404E-04  0.51072875E-01  0.68490965E-01
 -2.5125628      -2.5125628       5.5073538       5.5077205     -0.23134915E-04  0.54419337E-01  0.73150024E-01
 -1.5075377      -1.5075377       5.5067115       5.5070813     -0.24954580E-04  0.58120242E-01  0.78329972E-01
-0.50251256     -0.50251256       5.5060216       5.5063921     -0.26803732E-04  0.62229778E-01  0.84116384E-01
 0.50251256      0.50251256       5.5052780       5.5056456     -0.28597177E-04  0.66813389E-01  0.90614288E-01
  1.5075377       1.5075377       5.5044733       5.5048328     -0.30187822E-04  0.71950836E-01  0.97954072E-01
  2.5125628       2.5125628       5.5035982       5.5039428     -0.31325298E-04  0.77740318E-01  0.10629970    
  3.5175879       3.5175879       5.5026418       5.5029613     -0.31584047E-04  0.84304117E-01  0.11586042    
  4.5226131       4.5226131       5.5015899       5.5018700     -0.30234610E-04  0.91796489E-01  0.12690793    
  5.5276382       5.5276382       5.5004247       5.5006442     -0.26005072E-04  0.10041490      0.13980214    
  6.5326633       6.5326633       5.4991230       5.4992501     -0.16619634E-04  0.11041647      0.15503141    
  7.5376884       7.5376884       5.4976538       5.4976391      0.21418046E-05  0.12214276      0.17327807    
  8.5427136       8.5427136       5.4959741       5.4957382      0.38489648E-04  0.13605836      0.19553086    
  9.5477387       9.5477387       5.4940229       5.4934303      0.10946377E-03  0.15281359      0.22329120    
  10.552764       10.552764       5.4917082       5.4905108      0.25371880E-03  0.17335186      0.25898673    
  11.557789       11.557789       5.4888835       5.4865738      0.57095123E-03  0.19910529      0.30690798    
  12.562814       12.562814       5.4852946       5.4806389      0.13757471E-02  0.23238340      0.37575710    
  13.567839       13.567839       5.4804451       5.4692609      0.41143252E-02  0.27723942      0.48814289    
  14.572864       14.572864       5.4731699       5.4143699      0.29703239E-01  0.34176067      0.74753575    
  15.577889       15.577889       5.4596431       5.1761368      0.17880254      0.44608436      0.91594975    
  16.582915       16.582915       5.4098582       5.0279479      0.29451193      0.66899244      0.93342624    
  17.587940       17.587940       5.1770829       4.9138513      0.23687310      0.88244067      0.93912647    
  18.592965       18.592965       5.0123249       4.8167113      0.18002304      0.91128955      0.94134410    
  19.597990       19.597990       4.8871122       4.7300287      0.14570473      0.92088706      0.94200745    
  20.603015       20.603015       4.7810115       4.6505176      0.12145812      0.92506357      0.94181845    
  21.608040       21.608040       4.6864722       4.5762413      0.10274167      0.92685584      0.94109491    
  22.613065       22.613065       4.5997428       4.5059398      0.87450888E-01  0.92734447      0.94000025    
  23.618090       23.618090       4.5186330       4.4387349      0.74449803E-01  0.92701338      0.93862517    
  24.623116       24.623116       4.4417250       4.3739806      0.63059102E-01  0.92610980      0.93702202    
  25.628141       25.628141       4.3680308       4.3111810      0.52840724E-01  0.92477005      0.93522093    
  26.633166       26.633166       4.2968207       4.2499411      0.43494947E-01  0.92307183      0.93323811    
  27.638191       27.638191       4.2275303       4.1899359      0.34806268E-01  0.92105857      0.93108028    
  28.643216       28.643216       4.1597032       4.1308893      0.26612722E-01  0.91875171      0.92874710    
  29.648241       29.648241       4.0929563       4.0725600      0.18787372E-01  0.91615708      0.92623247    
  30.653266       30.653266       4.0269554       4.0147309      0.11226471E-01  0.91326812      0.92352506    
  31.658291       31.658291       3.9613977       3.9572008      0.38414478E-02  0.91006728      0.92060842    
  32.663317       32.663317       3.8959983       3.8997779     -0.34468776E-02  0.90652593      0.91746049    
  33.668342       33.668342       3.8304790       3.8422736     -0.10712832E-01  0.90260323      0.91405290    
  34.673367       34.673367       3.7645577       3.7844974     -0.18029807E-01  0.89824370      0.91034953    
  35.678392       35.678392       3.6979368       3.7262509     -0.25474050E-01  0.89337314      0.90630465    
  36.683417       36.683417       3.6302913       3.6673214     -0.33128789E-01  0.88789236      0.90185999    
  37.688442       37.688442       3.5612526       3.6074746     -0.41089213E-01  0.88166723      0.89694058    
  38.693467       38.693467       3.4903879       3.5464448     -0.49468971E-01  0.87451297      0.89144857    
  39.698492       39.698492       3.4171698       3.4839225     -0.58409193E-01  0.86616811      0.88525379    
  40.703518       40.703518       3.3409318       3.4195365     -0.68091469E-01  0.85624973      0.87817896    
  41.708543       41.708543       3.2607978       3.3528284     -0.78756756E-01  0.84417167      0.86997570    
  42.713568       42.713568       3.1755672       3.2832148     -0.90731735E-01  0.82898424      0.86028343    
  43.718593       43.718593       3.0835200       3.2099272     -0.10445693      0.80903122      0.84855550    
  44.723618       44.723618       2.9821007       3.1319153     -0.12046256      0.78113235      0.83391625    
  45.728643       45.728643       2.8676205       3.0476882     -0.13892414      0.73841298      0.81486117    
  46.733668       46.733668       2.7375056       2.9550640     -0.15630003      0.66495729      0.78856126    
  47.738693       47.738693       2.6116900       2.8509583     -0.15112441      0.54283997      0.74908422    
  48.743719       48.743719       2.5361217       2.7330614     -0.10465775      0.41879227      0.68312409    
  49.748744       49.748744       2.4987657       2.6154897     -0.50819131E-01  0.33218277      0.57323207    
  50.753769       50.753769       2.4775639       2.5389469     -0.21551901E-01  0.27283228      0.45240105    
  51.758794       51.758794       2.4638232       2.5000440     -0.10469371E-01  0.23001388      0.36337949    
  52.763819       52.763819       2.4540971       2.4780991     -0.58565460E-02  0.19769739      0.30121216    
  53.768844       53.768844       2.4467901       2.4639984     -0.36148888E-02  0.17245462      0.25590507    
  54.773869       54.773869       2.4410633       2.4540851     -0.23906261E-02  0.15221098      0.22144311    
  55.778894       55.778894       2.4364321       2.4466756     -0.16630558E-02  0.13563652      0.19434036    
  56.783920       56.783920       2.4325954       2.4408913     -0.12025508E-02  0.12183724      0.17246930    
  57.788945       57.788945       2.4293555       2.4362279     -0.89656342E-03  0.11018868      0.15445864    
  58.793970       58.793970       2.4265767       2.4323739     -0.68523835E-03  0.10024070      0.13938252    
  59.798995       59.798995       2.4241627       2.4291259     -0.53462439E-03  0.91660213E-01  0.12659160    
  60.804020       60.804020       2.4220429       2.4263448     -0.42443519E-03  0.84195279E-01  0.11561598    
  61.809045       61.809045       2.4201641       2.4239320     -0.34201851E-03  0.77651716E-01  0.10610664    
  62.814070       62.814070       2.4184857       2.4218157     -0.27919482E-03  0.71877417E-01  0.97798563E-01
  63.819095       63.819095       2.4169759       2.4199419     -0.23051208E-03  0.66751533E-01  0.90486763E-01
  64.824121       64.824121       2.4156094       2.4182693     -0.19223938E-03  0.62176849E-01  0.84010069E-01
  65.829146       65.829146       2.4143660       2.4167658     -0.16176441E-03  0.58074292E-01  0.78239981E-01
  66.834171       66.834171       2.4132291       2.4154059     -0.13722090E-03  0.54378906E-01  0.73072767E-01
  67.839196       67.839196       2.4121851       2.4141692     -0.11725152E-03  0.51036856E-01  0.68423765E-01
  68.844221       68.844221       2.4112225       2.4130389     -0.10085327E-03  0.48003161E-01  0.64223199E-01
  69.849246       69.849246       2.4103320       2.4120014     -0.87274242E-04  0.45239965E-01  0.60413050E-01
  70.854271       70.854271       2.4095054       2.4110452     -0.75943451E-04  0.42715188E-01  0.56944689E-01
  71.859296       71.859296       2.4087358       2.4101608     -0.66422157E-04  0.40401484E-01  0.53777063E-01
  72.864322       72.864322       2.4080174       2.4093401     -0.58369600E-04  0.38275404E-01  0.50875282E-01
  73.869347       73.869347       2.4073450       2.4085763     -0.51518497E-04  0.36316738E-01  0.48209516E-01
  74.874372       74.874372       2.4067143       2.4078633     -0.45657291E-04  0.34507981E-01  0.45754116E-01
  75.879397       75.879397       2.4061213       2.4071962     -0.40617124E-04  0.32833902E-01  0.43486911E-01
  76.884422       76.884422       2.4055627       2.4065705     -0.36262169E-04  0.31281193E-01  0.41388652E-01
  77.889447       77.889447       2.4050355       2.4059824     -0.32482377E-04  0.29838179E-01  0.39442543E-01
  78.894472       78.894472       2.4045371       2.4054284     -0.29187985E-04  0.28494581E-01  0.37633874E-01
  79.899497       79.899497       2.4040650       2.4049056     -0.26305311E-04  0.27241316E-01  0.35949708E-01
  80.904523       80.904523       2.4036172       2.4044113     -0.23773520E-04  0.26070330E-01  0.34378626E-01
  81.909548       81.909548       2.4031919       2.4039433     -0.21542105E-04  0.24974462E-01  0.32910516E-01
  82.914573       82.914573       2.4027873       2.4034994     -0.19568910E-04  0.23947325E-01  0.31536392E-01
  83.919598       83.919598       2.4024019       2.4030777     -0.17818582E-04  0.22983206E-01  0.30248246E-01
  84.924623       84.924623       2.4020344       2.4026766     -0.16261334E-04  0.22076981E-01  0.29038921E-01
  85.929648       85.929648       2.4016835       2.4022946     -0.14871956E-04  0.21224043E-01  0.27902000E-01
  86.934673       86.934673       2.4013480       2.4019303     -0.13629025E-04  0.20420242E-01  0.26831718E-01
  87.939698       87.939698       2.4010271       2.4015825     -0.12514264E-04  0.19661826E-01  0.25822882E-01
  88.944724       88.944724       2.4007197       2.4012500     -0.11512021E-04  0.18945403E-01  0.24870802E-01
  89.949749       89.949749       2.4004249       2.4009319     -0.10608844E-04  0.18267890E-01  0.23971234E-01
  90.954774       90.954774       2.4001420       2.4006272     -0.97931321E-05  0.17626491E-01  0.23120330E-01
  91.959799       91.959799       2.3998704       2.4003350     -0.90548500E-05  0.17018654E-01  0.22314592E-01
  92.964824       92.964824       2.3996092       2.4000546     -0.83852877E-05  0.16442055E-01  0.21550834E-01
  93.969849       93.969849       2.3993579       2.3997854     -0.77768639E-05  0.15894566E-01  0.20826153E-01
  94.974874       94.974874       2.3991160       2.3995265     -0.72229612E-05  0.15374243E-01  0.20137892E-01
  95.979899       95.979899       2.3988829       2.3992774     -0.67177873E-05  0.14879299E-01  0.19483621E-01
  96.984925       96.984925       2.3986581       2.3990376     -0.62562593E-05  0.14408096E-01  0.18861111E-01
  97.989950       97.989950       2.3984412       2.3988066     -0.58339052E-05  0.13959126E-01  0.18268315E-01
  98.994975       98.994975       2.3982318       2.3985838     -0.54467816E-05  0.13530999E-01  0.17703351E-01
  100.00000       100.00000       2.3980295       2.3983688     -0.50914024E-05  0.13122435E-01  0.17164483E-01
